voi_split:0.1687999681643128
voi_merge:0.691635802279563
adapted_rand:0.40263208071706635
cremi_score:0.5885907275664558
